SLTGraph
, 216, 260, 308, 352, 400, 460, 520, 580, 600, 640, 680, 720, 760, 800, 800, 800, 800, 800, 800, 800, 800
SLTTempCorrGraph
, -13, -12, -11, -10, -9, -8, -7, -6, -6, -6, -5, -5, -4, -4, -3, -3, -2, -2, -1, -1, 0, 3, 6, 10, 14, 18, 22, 25, 25, 25, 25
SLNGraph
, 580, 504, 424, 328, 260, 220, 200, 180, 160, 140, 120, 100, 100, 100, 100, 100, 100, 100, 100, 100, 100
SLUGear2Graph
, 304, 296, 304, 312, 320, 348, 354, 372, 372, 372, 376, 376, 376, 372, 376, 380, 386, 390, 394, 396, 400
SLUGear2TPSAdaptGraph
, -12, -8, -4, -4, -8, -8, -8, -8, 0, -8, -8, 0, 0, -4, 0, -4, 0, -4, -4, -4, 0
SLUGear2TempCorrGraph
, -30, -30, -30, -30, -30, -30, -29, -28, -27, -26, -25, -24, -23, -21, -16, -11, -9, -8, -4, -3, 0, 1, 2, 4, 6, 8, 10, 12, 14, 16, 18
SLUGear2TempAdaptGraph
, 0, 0, 0, 0, 0, 0, 0, 0, 0, 0, 8, 12, 11, 12, 12, -5, -4, 2, -1, 0, 0, 12, 7, 1, 1, 0, 0, 0, 0, 0, 0
SLUGear2AddGraph
, -10, -10, -10, -8, -6, -4, 0, 4, 6, 8, 10, 10, 10, 10, 10, 10, 10, 10, 10, 12, 14
SLUGear3Graph
, 308, 340, 349, 358, 368, 400, 407, 427, 427, 427, 432, 432, 432, 427, 432, 437, 443, 448, 453, 455, 460
SLUGear3DelayGraph
, 500, 500, 500, 500, 525, 450, 450, 450, 450, 450, 450, 450, 450, 450, 450, 450, 400, 400, 300, 300, 300
SLNGear3Graph
, 584, 500, 432, 348, 292, 220, 188, 164, 148, 128, 116, 100, 100, 100, 100, 100, 100, 100, 100, 100, 100
SLNGear3OffsetGraph
, 0, 25, 50, 50, 50, 100, 175, 250, 300, 300, 300, 300, 300, 300, 300, 300, 300, 300, 300, 300, 300
