SLTGraph
 54, 70, 80, 90, 100, 115, 130, 145, 150, 160, 170, 180, 190, 200, 200, 200, 200, 200, 200, 200, 200
SLTTempCorrGraph
-10, -10, -10, -9, -8, -8, -7, -6, -6, -6, -5, -5, -4, -4, -3, -3, -2, -2, -1, -1, 0, 1, 2, 3, 3, 4, 4, 5, 5, 5, 6, 6, 7, 7, 7, 8, 8
SLUGear2Graph
 55, 72, 75, 80, 84, 88, 93, 97, 100, 102, 104, 106, 108, 110, 112, 114, 116, 118, 120, 122, 124
SLUGear3OffsetGraph
 -5, -5, -5, -5, -5, -5, -5, -5, -5, -5, -5, -5, -5, -5, -5, -5, -5, -5, -5, -5, -5
SLUGear2TempCorrGraph
-28, -28, -27, -27, -26, -25, -24, -23, -22, -21, -20, -19, -18, -17, -14, -11, -9, -6, -2, -1, 0, 2, 4, 7, 10, 13, 15, 18, 21, 24, 26, 29, 33, 37, 42, 46, 50
SLNGraph
135, 120, 110, 100, 90, 65, 45, 32, 20, 10, 10, 0, 0, 0, 0, 0, 0, 0, 0, 0, 0
Gear2DeltaRPM
250, 320, 380, 470, 600, 650, 700, 750, 800, 800, 800, 800, 800, 800, 800, 800, 800, 800, 800, 800, 800
SLUGear3OffsetGraph
 -5, -5, -5, -5, -5, -5, -5, -5, -5, -5, -5, -5, -5, -5, -5, -5, -5, -5, -5, -5, -5
SLUGear2TPSAdaptGraph
 0, 0, 0, 1, 0, 0, 0, 0, 0, 0, 0, 0, 0, 0, 0, 0, 0, 0, 0, 0, 0
SLUGear2TempAdaptGraph
 0, 0, 0, 0, 0, 0, 0, 0, 0, 0, 1, 0, 4, 3, 0, 0, -1, -1, -2, -1, 0, 0, 0, 0, 0, 0, 0, 0, 0, 0, 0, 0, 0, 0, 0, 0, 0
