SLTGraph
, 216, 280, 320, 360, 400, 460, 520, 580, 600, 640, 680, 720, 760, 800, 800, 800, 800, 800, 800, 800, 800
SLTTempCorrGraph
, -10, -10, -10, -9, -8, -8, -7, -6, -6, -6, -5, -5, -4, -4, -3, -3, -2, -2, -1, -1, 0, 3, 6, 10, 14, 18, 22, 25, 25, 25, 25
SLNGraph
, 444, 412, 376, 320, 260, 220, 200, 180, 160, 140, 120, 100, 100, 100, 100, 100, 100, 100, 100, 100, 100
SLUGear2Graph
, 272, 288, 296, 312, 316, 340, 354, 372, 372, 372, 376, 376, 376, 372, 376, 380, 386, 390, 394, 396, 400
SLUGear2TempCorrGraph
, -29, -29, -28, -28, -27, -26, -25, -24, -23, -21, -18, -17, -17, -14, -12, -11, -10, -9, -6, -3, 0, 4, 7, 12, 15, 20, 25, 25, 25, 25, 26
SLUGear2AddGraph
, 0, -6, -4, 0, 4, 8, 10, 12, 16, 16, 16, 16, 16, 16, 16, 20, 20, 20, 20, 20, 20
SLUGear2TPSAdaptGraph
, -4, 8, 8, 0, -8, 8, 0, 0, 0, 0, 0, 0, 0, 0, 0, 0, 0, 0, 0, 0, 0
SLUGear2TempAdaptGraph
, 0, 0, 0, 0, 0, 0, 0, 0, 0, 0, -4, -6, -8, -7, -4, 0, 1, 1, 2, 0, 0, 0, -5, 0, 0, 0, 0, 0, 0, 0, 0
SLUGear3Graph
, 287, 301, 316, 326, 340, 449, 489, 511, 511, 511, 517, 517, 517, 511, 517, 522, 533, 539, 539, 533, 533
SLUGear3DelayGraph
, 500, 500, 600, 700, 700, 700, 800, 800, 800, 800, 700, 700, 600, 600, 500, 500, 400, 400, 300, 300, 300
SLNGear3OffsetGraph
, -300, -300, -300, -200, 100, 300, 300, 300, 300, 300, 300, 300, 300, 300, 300, 300, 300, 300, 300, 300, 300
