SLTGraph
 54, 70, 80, 90,100,115,130,145,150,160,170,180,190,200,200,200,200,200,200,200,200
SLTTempCorrGraph
-10,-10,-10, -9, -8, -8, -7, -6, -6, -6, -5, -5, -4, -4, -3, -3, -2, -2, -1, -1,  0,  3,  6, 10, 14, 18, 22, 25, 25, 25, 25, 25, 25, 25, 25, 25, 25
SLUGear2Graph
 74, 74, 77, 79, 81, 84, 89, 93, 93, 93, 94, 94, 94, 94, 94, 96, 97, 97, 97, 97, 97
SLUGear2TempCorrGraph
-28,-28,-27,-27,-26,-25,-24,-23,-22,-21,-20,-19,-18,-13,-13,-11, -9, -6, -2, -1,  0,  3,  8, 12, 15, 20, 25, 25, 25, 25, 26, 29, 33, 37, 42, 46, 50
SLUGear3DelayGraph
700,700,700,800,900,100,900,900,800,800,800,800,700,700,700,700,700,500,300,300,300
SLNGear3OffsetGraph
  0,  0,-45,-20,-40,-40,-10,-10,-55,-30,-30,-30,-25,-25,-25,-25,-25,-25,-25,-25,-25
SLNGraph
110, 95, 90, 75, 65, 50, 35, 35, 30, 30, 30, 30, 30, 30, 30, 30, 30, 25, 25, 25, 25
SLUGear2TPSAdaptGraph
 -5, -1, -2,  0, -1,  2,  0,  0,  0,  0,  0,  0,  0, -1,  0, -1,  0,  1,  1,  0,  0
SLUGear2TempAdaptGraph
  0,  0,  0,  0,  0,  0,  0,  0, 0,-4, 5, 1, 3, 1, 2, 0,-3,-3,-4,-2, 0, 1,-1, 0, 0, 0, 0, 0, 0, 0, 0, 0, 0, 0, 0, 0, 0

