
SLTGraph
, 216, 280, 320, 360, 400, 460, 520, 580, 600, 640, 680, 720, 760, 800, 800, 800, 800, 800, 800, 800, 800
SLTTempCorrGraph
, -10, -10, -10, -9, -8, -8, -7, -6, -6, -6, -5, -5, -4, -4, -3, -3, -2, -2, -1, -1, 0, 3, 6, 10, 14, 18, 22, 25, 25, 25, 25
SLNGraph
, 420, 380, 340, 300, 260, 220, 200, 180, 160, 140, 120, 100, 100, 100, 100, 100, 100, 100, 100, 100, 100
SLUGear2Graph
, 272, 288, 296, 312, 316, 340, 354, 372, 372, 372, 376, 376, 376, 372, 376, 380, 386, 390, 394, 396, 400
SLUGear2TempCorrGraph
, -28, -28, -27, -27, -26, -25, -24, -23, -22, -20, -17, -16, -15, -13, -12, -11, -10, -9, -6, -3, 0, 4, 7, 12, 15, 20, 25, 25, 25, 25, 26
SLUGear2AddGraph
, 0, -4, -2, 2, 4, 8, 10, 12, 16, 16, 16, 16, 16, 16, 16, 20, 20, 20, 20, 20, 20
SLUGear2TPSAdaptGraph
, -4, 0, 4, 4, -12, 4, 0, 0, 0, 0, 0, 0, 0, 0, 0, 0, 0, 0, 0, 0, 0
SLUGear2TempAdaptGraph
, 0, 0, 0, 0, 0, 0, 0, 0, 0, 0, -3, -4, -5, -5, -4, 0, 0, 1, 1, 0, 0, -2, -5, 0, 0, 0, 0, 0, 0, 0, 0
SLUGear3Graph
, 380, 380, 380, 380, 400, 420, 440, 452, 460, 472, 480, 492, 500, 512, 520, 532, 540, 552, 560, 572, 444
SLUGear3DelayGraph
, 500, 600, 700, 700, 700, 700, 700, 700, 700, 700, 700, 700, 700, 700, 700, 600, 600, 500, 500, 400, 400
SLNGear3OffsetGraph
, 0, 0, 0, 0, 300, 300, 300, 300, 300, 300, 300, 300, 300, 300, 300, 300, 300, 300, 300, 300, 300