SLTGraph
 54,  70,  80,  90, 100, 115, 130, 145, 150, 160, 170, 180, 190, 200, 200, 200, 200, 200, 200, 200, 200
SLTTempCorrGraph
-10, -10, -10,  -9,  -8,  -8,  -7,  -6,  -6,  -6,  -5,  -5,  -4,  -4,  -3,  -3,  -2,  -2,  -1,  -1,   0,   3,   6,  10,  14,  18,  22,  25,  25,  25,  25,  25,  25,  25,  25,  25,  25
SLUGear2Graph
 55,  74,  77,  79,  81,  84,  89,  92,  92,  92,  93,  93,  93,  93,  93,  94,  94,  95,  96,  97,  97
SLUGear3DelayGraph
800, 900, 900, 900, 900, 850, 850, 900, 900, 900, 850, 800, 750, 700, 700, 700, 700, 700, 700, 700, 700
SLUGear2TempCorrGraph
-28, -28, -27, -27, -26, -25, -24, -23, -22, -21, -20, -19, -18, -17, -14, -11,  -9,  -6,  -2,  -1,   0,   3,   8,  12,  15,  20,  25,  25,  25,  25,  26,  29,  33,  37,  42,  46,  50
SLNGraph
105,  95,  85,  75,  65,  55,  45,  45,  40,  40,  40,  40,  40,  40,  40,  40,  40,  40,  40,  40,  40
Gear2DeltaRPM
250, 320, 380, 470, 600, 650, 700, 750, 800, 800, 800, 800, 800, 800, 800, 800, 800, 800, 800, 800, 800
SLUGear2TPSAdaptGraph
  0,   0,   0,   0,   0,   0,   0,   0,   0,   0,   0,   0,   0,   0,   0,   0,   0,   0,   0,   0,   0
SLUGear2TempAdaptGraph
  0,   0,   0,   0,   0,   0,   0,   0,   0,   0,   0,   0,   0,   0,   0,   0,   0,   0,   0,   0,   0,   0,   0,   0,   0,   0,   0,   0,   0,   0,   0,   0,   0,   0,   0,   0,   0
